33164742 1
8606823 1
8751254 1
8326176 1
7406132 1
7669383 1
7012627 1
8417220 1
7329364 1
10414649 1
10152502 2
2659275 2
2580189 2
2019423 2
1599217 2
2022414 2
1425329 2
1510731 2
2124460 2
1862996 2
6860942 3
1890158 3
2587742 3
3093867 3
1602615 3
2366119 3
1394381 3
1442888 3
2158719 3
2041703 3
6654741 4
2993303 4
2841628 4
4064893 4
1743047 4
2280063 4
1670715 4
1489804 4
2825641 4
1786371 4
4444367 5
3927179 5
2136349 5
3455212 5
1880653 5
2230850 5
2031423 5
1396536 5
3080213 5
1858766 5
4245790 6
3973981 6
2236640 6
4050127 5
1591592 6
2157901 6
1493493 6
1428791 6
2233674 6
1776741 6
3819478 7
3789861 7
2338402 7
3670852 7
1803512 7
2152402 7
1476612 7
1424950 7
1899383 7
1749375 7
5290181 8
3150804 8
2176541 8
4185285 8
2017829 8
1614964 8
1489639 8
1418597 8
1440125 8
1791111 8
4819227 9
3708983 9
2186968 9
4300783 9
1519790 9
1536374 9
1477254 9
1494783 9
1436677 9
1697517 9
3479536 10
3001326 10
3299658 10
11103661 10
2123712 10
1505755 10
1715486 10
1469332 10
1432708 10
1662535 10
3157799 11
2817650 11
18435479 11
3284785 11
1773893 11
1438602 11
1688889 11
1534198 11
1586780 11
2632782 11
2711972 12
3124471 12
3357319 12
5921802 12
1571718 12
2050081 12
1466070 12
5931659 12
2331012 12
2568158 12
2154862 13
2836788 13
2280061 13
4453966 13
1607002 13
1631480 13
1492238 13
3091415 13
1838195 13
2536821 13
2027352 14
2704945 14
2097325 14
3830280 14
1948532 14
1790627 14
1392637 14
2099461 14
2954634 14
2461569 14
3276714 15
3744250 15
2095610 15
6548444 15
2371044 15
1772456 15
1454813 15
2136338 15
2813425 15
2394533 15